time         ,iter.    ,bestScore,live    ,dead
1342288783626,        0,        0,       0,       0
1342288783826,      195,      255,     151,       4
1342288784026,      668,      305,     427,      37
1342288784226,     1594,      305,     993,      84
1342288784426,     2573,      305,    1596,     141
1342288784626,     3699,      333,    2363,     194
1342288784826,     4909,      333,    3104,     238
1342288785026,     6088,      333,    3683,     284
1342288785226,     7353,      391,    4465,     325
1342288785430,     8605,      391,    5155,     378
1342288785630,     9999,      391,    5911,     437
1342288785830,    11259,      399,    6666,     501
1342288786157,    12240,      399,    7287,     545
1342288786359,    13553,      399,    8132,     607
1342288786559,    14930,      416,    8874,     664
1342288786759,    15238,      416,    9044,     678
