time         ,iter.    ,bestScore,live    ,dead
1342288473757,        0,        0,       0,       0
1342288473957,      247,      258,     176,       5
1342288474157,      947,      305,     588,      48
1342288474382,     1559,      305,     967,      82
1342288474582,     2516,      305,    1566,     137
1342288474782,     3458,      333,    2207,     184
1342288474982,     4732,      333,    2952,     232
1342288475182,     5794,      333,    3523,     274
1342288475382,     6993,      391,    4257,     308
1342288475582,     8266,      391,    4928,     359
1342288475782,     9591,      391,    5714,     419
1342288476017,    10862,      399,    6369,     486
1342288476217,    12080,      399,    7157,     540
1342288476457,    12241,      399,    7288,     545
1342288476658,    13534,      399,    8122,     604
1342288476859,    14875,      416,    8836,     662
1342288477059,    16206,      416,    9565,     715
1342288477259,    17420,      416,   10439,     758
1342288477459,    18661,      416,   11221,     819
1342288477897,    19528,      416,   11838,     856
1342288478097,    20871,      416,   12851,     899
1342288478297,    22146,      416,   13600,     967
1342288478505,    23341,      416,   14249,    1018
1342288478705,    24704,      416,   14827,    1074
1342288478905,    25980,      418,   15537,    1114
1342288479121,    27424,      418,   16290,    1181
1342288479322,    28894,      418,   17128,    1216
1342288479522,    30182,      418,   17737,    1270
1342288479722,    31386,      418,   18631,    1317
1342288479922,    32567,      418,   19409,    1363
1342288480498,    33271,      418,   19873,    1396
1342288480735,    34307,      418,   20550,    1445
1342288480939,    35703,      418,   21148,    1523
1342288481159,    36970,      418,   21942,    1583
1342288481365,    38197,      418,   22808,    1624
1342288481580,    39372,      418,   23638,    1667
1342288481794,    40604,      439,   24439,    1721
1342288482009,    41896,      449,   25436,    1767
1342288482231,    43189,      449,   26301,    1803
1342288483176,    44537,      449,   27121,    1850
1342288483378,    45884,      449,   27857,    1905
1342288483579,    47215,      449,   28608,    1993
1342288483784,    48513,      449,   29288,    2058
