time         ,iter.    ,bestScore,live    ,dead
1342289047723,        0,        0,       0,       0
1342289047924,      195,      255,     151,       4
1342289048124,      684,      305,     437,      38
1342289048324,     1791,      305,    1102,      95
1342289048525,     2863,      330,    1803,     162
1342289048725,     3999,      333,    2574,     204
1342289048926,     4880,      333,    3079,     238
1342289049132,     6164,      333,    3742,     286
1342289049345,     7565,      391,    4596,     333
1342289049577,     9064,      391,    5373,     397
1342289049794,    10444,      391,    6166,     467
1342289049994,    11881,      399,    7056,     532
1342289050194,    12037,      399,    7122,     538
1342289050394,    13310,      399,    7983,     598
1342289050604,    14675,      399,    8722,     656
1342289050804,    15515,      416,    9158,     686
