time         ,iter.    ,bestScore,live    ,dead
1342288605017,        0,        0,       0,       0
1342288605217,      238,      255,     173,       5
1342288605417,      619,      286,     385,      34
1342288605617,     1760,      305,    1078,      93
1342288605817,     2788,      305,    1739,     159
1342288606017,     3940,      333,    2532,     202
1342288606218,     4796,      333,    3006,     236
1342288606430,     6161,      333,    3739,     286
1342288606648,     7563,      391,    4594,     333
1342288606848,     9048,      391,    5358,     397
1342288607048,    10311,      391,    6105,     463
1342288607248,    11459,      399,    6829,     512
1342288607483,    11903,      399,    7070,     532
1342288607705,    13252,      399,    7935,     596
1342288607924,    14685,      399,    8728,     656
1342288608142,    16133,      416,    9510,     712
1342288608354,    17457,      416,   10454,     759
1342288608577,    18886,      416,   11376,     830
1342288608777,    20254,      416,   12388,     887
1342288609100,    20293,      416,   12415,     889
1342288609300,    21689,      416,   13377,     948
1342288609500,    22797,      416,   13953,     994
1342288609700,    24212,      416,   14579,    1050
1342288609900,    25480,      418,   15292,    1097
1342288610100,    26706,      418,   15845,    1142
1342288610305,    27957,      418,   16608,    1195
1342288610505,    29446,      418,   17352,    1236
1342288610705,    30645,      418,   18083,    1284
1342288610905,    31753,      418,   18881,    1331
1342288611447,    32445,      418,   19347,    1359
1342288611654,    33815,      418,   20268,    1419
1342288611862,    35247,      418,   20991,    1494
1342288612086,    36746,      418,   21769,    1576
1342288612322,    38112,      418,   22750,    1619
1342288612536,    39281,      418,   23566,    1665
1342288612737,    40277,      418,   24201,    1706
1342288612937,    41395,      449,   25081,    1748
1342288613137,    42463,      449,   25865,    1784
1342288613337,    43666,      449,   26521,    1816
1342288613538,    44972,      449,   27311,    1862
1342288614387,    45559,      449,   27633,    1889
1342288614587,    46902,      449,   28442,    1964
1342288614787,    48219,      449,   29180,    2041
1342288614987,    49579,      449,   29807,    2103
1342288615187,    49772,      449,   29939,    2108
