time         ,iter.    ,bestScore,live    ,dead
1342287851458,        0,        0,       0,       0
1342287851658,      368,      286,     208,      10
1342287851858,      800,      305,     526,      43
1342287852058,     1772,      305,    1088,      94
1342287852259,     2787,      305,    1738,     159
1342287852459,     3841,      333,    2476,     197
1342287852659,     4710,      333,    2938,     229
1342287852890,     6164,      333,    3742,     286
1342287853108,     7565,      391,    4596,     333
1342287853308,     9050,      391,    5360,     397
1342287853508,    10267,      391,    6088,     459
1342287853708,    11419,      399,    6799,     509
1342287853958,    11913,      399,    7079,     533
1342287854158,    13200,      399,    7890,     595
1342287854359,    14232,      399,    8565,     642
1342287854559,    15506,      416,    9149,     686
1342287854759,    16748,      416,    9977,     734
1342287854959,    17978,      416,   10763,     782
1342287855159,    19198,      416,   11598,     843
1342287855660,    20370,      416,   12473,     894
1342287855860,    21747,      416,   13406,     951
1342287856060,    22827,      416,   13973,     995
1342287856260,    24234,      416,   14586,    1051
1342287856460,    25463,      418,   15282,    1097
1342287856661,    26820,      418,   15909,    1150
1342287856867,    28114,      418,   16717,    1200
1342287857067,    29689,      418,   17461,    1246
1342287857267,    30960,      418,   18302,    1298
1342287857468,    32043,      418,   19099,    1348
1342287858029,    32815,      418,   19571,    1374
1342287858293,    34113,      418,   20412,    1433
1342287858508,    35645,      418,   21117,    1518
1342287858736,    37046,      418,   21990,    1589
1342287858985,    38367,      418,   22949,    1629
1342287859185,    39577,      418,   23767,    1679
1342287859425,    40757,      449,   24574,    1724
1342287859631,    41926,      449,   25456,    1767
1342287859835,    43080,      449,   26220,    1801
1342287860036,    44406,      449,   27014,    1845
1342287860932,    45523,      449,   27604,    1887
1342287861132,    46839,      449,   28419,    1955
1342287861332,    48203,      449,   29173,    2042
1342287861533,    49185,      449,   29624,    2085
