time         ,iter.    ,bestScore,live    ,dead
1342287643623,        0,        0,       0,       0
1342287643823,      355,      286,     203,       8
1342287644023,      751,      305,     491,      41
1342287644244,     1559,      305,     967,      82
1342287644448,     2534,      305,    1576,     137
1342287644648,     3607,      333,    2310,     190
1342287644848,     4849,      333,    3053,     237
1342287645048,     6038,      333,    3655,     283
1342287645248,     7229,      391,    4389,     319
1342287645448,     8495,      391,    5067,     374
1342287645648,     9830,      391,    5881,     430
1342287645849,    11111,      399,    6547,     495
1342287646189,    12235,      399,    7282,     545
1342287646389,    13543,      399,    8124,     605
1342287646589,    14913,      416,    8863,     663
1342287646789,    16255,      416,    9610,     716
1342287646989,    17426,      416,   10444,     758
1342287647189,    18706,      416,   11252,     820
1342287647609,    19509,      416,   11825,     855
1342287647809,    20848,      416,   12830,     899
1342287648009,    22114,      416,   13592,     965
1342287648209,    23436,      416,   14291,    1024
1342287648412,    24781,      416,   14864,    1080
1342287648612,    26026,      418,   15573,    1118
1342287648819,    27386,      418,   16262,    1179
1342287649019,    28859,      418,   17121,    1215
1342287649219,    30167,      418,   17723,    1269
1342287649419,    31358,      418,   18604,    1317
1342287649619,    32554,      418,   19402,    1362
1342287650186,    33231,      418,   19847,    1393
1342287650425,    34287,      418,   20532,    1444
1342287650632,    35664,      418,   21133,    1520
1342287650851,    36932,      418,   21924,    1582
1342287651058,    38154,      418,   22780,    1621
1342287651258,    39351,      418,   23623,    1667
1342287651458,    40582,      439,   24432,    1718
1342287651665,    41852,      449,   25408,    1765
1342287651877,    43120,      449,   26254,    1802
1342287652083,    44473,      449,   27062,    1849
1342287653025,    45768,      449,   27777,    1901
1342287653225,    47162,      449,   28578,    1990
1342287653425,    48507,      449,   29288,    2058
1342287653631,    49902,      449,   30029,    2114
1342287653831,    49902,      449,   30030,    2114
