time         ,iter.    ,bestScore,live    ,dead
1342288615199,        0,        0,       0,       0
1342288615440,    50661,      279,     891,    7466
1342288615701,   112271,      280,    1490,   14106
1342288615958,   170443,      280,    1590,   20079
1342288616236,   219892,      280,    1841,   25912
1342288616488,   272687,      280,    1863,   30982
1342288616729,   324791,      280,    1889,   36681
1342288616970,   373710,      280,    2476,   42609
1342288617239,   425137,      280,    2447,   48630
1342288617454,   477804,      280,    2461,   52764
1342288617654,   517614,      280,    2731,   56005
1342288617854,   548925,      280,    2711,   58561
1342288618909,   588019,      280,    2771,   61712
1342288619131,   640367,      280,    2885,   67204
1342288619371,   691595,      280,    2890,   72727
1342288619628,   746492,      280,    3163,   77648
1342288619874,   800383,      280,    3278,   82746
1342288620119,   857308,      280,    3386,   87956
1342288620347,   915364,      280,    3311,   92790
1342288620547,   975992,      280,    3728,   97105
1342288621769,   976574,      280,    3750,   97150
1342288621969,  1036472,      280,    3719,  100569
1342288622171,  1086246,      280,    3671,  107135
1342288622371,  1132111,      280,    3437,  110741
1342288622571,  1179679,      280,    3354,  114062
1342288624019,  1222803,      280,    3260,  117779
1342288625706,  1280502,      280,    3256,  122476
1342288625906,  1280502,      280,    3256,  122476
