time         ,iter.    ,bestScore,live    ,dead
1342287653907,        0,        0,       1,      -1
1342287654109,    61764,      279,    1019,    8451
1342287654309,   108167,      280,    1507,   13532
1342287654509,   155767,      280,    1578,   17846
1342287654709,   194289,      280,    1728,   22378
1342287654941,   238845,      280,    1842,   28042
1342287655193,   292679,      280,    1822,   32884
1342287655430,   338219,      280,    2247,   38322
1342287655647,   385063,      280,    2460,   43643
1342287655894,   430296,      280,    2424,   49198
1342287656098,   477927,      280,    2460,   52782
1342287656301,   529342,      280,    2735,   56439
1342287656524,   579990,      280,    2717,   61021
1342287657632,   629268,      280,    2918,   66106
1342287657833,   681411,      280,    2815,   71705
1342287658045,   726613,      280,    3089,   75851
1342287658263,   777118,      280,    3266,   79457
1342287658487,   828729,      280,    3329,   85434
1342287658687,   880000,      280,    3352,   89861
1342287658888,   913730,      280,    3314,   92660
1342287659088,   947597,      280,    3417,   95134
1342287660661,   994767,      280,    3800,   98054
1342287662158,  1052413,      280,    3771,  103395
1342287663765,  1107818,      280,    3504,  108777
1342287663965,  1152011,      280,    3444,  112090
