time         ,iter.    ,bestScore,live    ,dead
1342289050811,        0,        0,       0,       0
1342289051011,    40767,      279,     860,    6071
1342289051247,   101715,      280,    1418,   12953
1342289051447,   162100,      280,    1566,   19084
1342289051648,   208288,      280,    1857,   24378
1342289052134,   236092,      280,    1832,   27594
1342289052334,   302812,      280,    1817,   34264
1342289052535,   330806,      280,    2146,   37332
1342289052750,   371291,      280,    2482,   42435
1342289052950,   427761,      280,    2442,   49016
1342289053150,   465134,      280,    2437,   51290
1342289053351,   506810,      280,    2607,   55287
1342289053551,   570000,      280,    2729,   60127
1342289053752,   604205,      280,    2727,   63532
1342289053952,   622348,      280,    2781,   65483
