time         ,iter.    ,bestScore,live    ,dead
1342288483801,       44,       68,      16,       3
1342288484001,    46303,      279,     892,    6827
1342288484201,    96959,      280,    1356,   12197
1342288484401,   142651,      280,    1512,   15989
1342288484613,   193724,      280,    1690,   22295
1342288484866,   250010,      280,    1853,   29833
1342288485104,   306524,      280,    1824,   34741
1342288485340,   356215,      280,    2454,   41030
1342288485575,   410768,      280,    2511,   46481
1342288485797,   460941,      280,    2459,   50982
1342288486011,   512728,      280,    2669,   55690
1342288486223,   570813,      280,    2722,   60264
1342288487323,   623703,      280,    2792,   65654
1342288487525,   678663,      280,    2809,   71255
1342288487737,   727687,      280,    3122,   75975
1342288487958,   781416,      280,    3265,   79748
1342288488184,   836263,      280,    3332,   86159
1342288488418,   891767,      280,    3328,   91054
1342288488618,   950014,      280,    3406,   95412
1342288488818,   983446,      280,    3781,   97447
1342288490053,  1010935,      280,    3782,   99166
1342288490253,  1065928,      280,    3715,  105212
1342288490453,  1104624,      280,    3541,  108554
1342288490653,  1138575,      280,    3502,  111086
1342288490938,  1194825,      280,    3303,  115508
1342288491138,  1246669,      280,    3285,  119533
1342288491339,  1282323,      280,    3258,  122742
1342288493001,  1313351,      280,    3258,  125479
1342288494681,  1365354,      280,    3273,  129344
1342288494881,  1365354,      280,    3273,  129344
