time         ,iter.    ,bestScore,live    ,dead
1342287861543,        0,        0,       0,       0
1342287861743,    51933,      279,     889,    7577
1342287861944,   101273,      280,    1415,   12919
1342287862144,   150903,      280,    1575,   17234
1342287862344,   190020,      280,    1690,   22094
1342287862544,   227096,      280,    1833,   26693
1342287862770,   273469,      280,    1864,   30993
1342287863001,   320148,      280,    1885,   36173
1342287863201,   362792,      280,    2492,   41787
1342287863423,   408158,      280,    2521,   46001
1342287863644,   454393,      280,    2462,   50454
1342287863850,   502200,      280,    2575,   54666
1342287864058,   553641,      280,    2751,   59043
1342287864273,   602889,      280,    2722,   63452
1342287865363,   650433,      280,    2854,   67807
1342287865563,   705000,      280,    2889,   73953
1342287865765,   750664,      280,    3271,   77925
1342287865967,   798088,      280,    3277,   82612
1342287866178,   850075,      280,    3359,   87315
1342287866405,   903637,      280,    3328,   91907
1342287866707,   959405,      280,    3524,   95896
1342287868048,  1017730,      280,    3763,   99423
1342287868268,  1071645,      280,    3716,  105695
1342287868501,  1131200,      280,    3436,  110715
1342287868771,  1193911,      280,    3309,  115432
1342287868971,  1249286,      280,    3280,  119984
1342287869171,  1284200,      280,    3255,  122870
1342287870871,  1312877,      280,    3257,  125389
1342287872557,  1367638,      280,    3247,  129669
1342287872757,  1367638,      280,    3247,  129669
