time         ,iter.    ,bestScore,live    ,dead
1342288786765,        0,        0,       0,       0
1342288786965,    57348,      279,     992,    8070
1342288787165,   104451,      280,    1431,   13237
1342288787372,   155000,      280,    1581,   17747
1342288787611,   209421,      280,    1848,   24577
1342288787811,   271841,      280,    1863,   30922
1342288788355,   298890,      280,    1827,   33656
1342288788651,   349146,      280,    2284,   40046
1342288788851,   410941,      280,    2509,   46543
1342288789051,   442987,      280,    2475,   49854
1342288789259,   485262,      280,    2489,   53348
1342288789459,   552240,      280,    2728,   58986
1342288789659,   591807,      280,    2773,   62118
1342288789859,   624114,      280,    2793,   65679
