time         ,iter.    ,bestScore,live    ,dead
1342288494891,      248,       84,      56,      24
1342288496360,    40191,       84,    6357,    3650
1342288497790,    80427,       84,   12208,    7324
1342288499228,   117132,       84,   16978,   10675
1342288500804,   151083,       84,   21708,   13909
1342288502305,   185442,       84,   26612,   17033
1342288503816,   214532,       84,   30537,   19643
1342288505353,   242508,       84,   34114,   22182
1342288505553,   242508,       84,   34114,   22182
