time         ,iter.    ,bestScore,live    ,dead
1342288625916,      226,       84,      51,      22
1342288627391,    44607,       84,    7011,    4070
1342288628883,    90014,       84,   13489,    8246
1342288630374,   130464,       84,   18797,   11872
1342288631992,   168188,       84,   24238,   15474
1342288633526,   206509,       84,   29456,   18939
1342288635114,   239276,       84,   33704,   21853
1342288636716,   269106,       84,   37913,   24617
1342288636916,   269106,       84,   37914,   24617
