time         ,iter.    ,bestScore,live    ,dead
1342289053963,       13,       36,       9,       0
1342289054163,    24761,       84,    4009,    2240
1342289055075,    71313,       84,   11002,    6443
1342289055310,   126240,       84,   18260,   11545
1342289055579,   181688,       84,   26110,   16676
1342289055779,   236844,       84,   33373,   21601
1342289055979,   270000,       84,   38048,   24714
1342289056179,   305201,       84,   42369,   27761
1342289056410,   347824,       84,   47810,   31526
1342289056610,   401556,       84,   54666,   36129
1342289057744,   404043,       84,   54974,   36361
1342289057945,   404043,       84,   54974,   36361
