time         ,iter.    ,bestScore,live    ,dead
1342288789865,        0,        0,       0,       0
1342288790065,    28276,       84,    4501,    2566
1342288790841,    53554,       84,    8446,    4776
1342288791041,   105057,       84,   15334,    9586
1342288791241,   150338,       84,   21591,   13839
1342288791447,   189125,       84,   27144,   17327
1342288791647,   223415,       84,   31590,   20441
1342288791903,   274313,       84,   38596,   25067
1342288792182,   329135,       84,   45440,   29895
1342288793470,   384453,       84,   52505,   34763
1342288793671,   384453,       84,   52505,   34763
