time         ,iter.    ,bestScore,live    ,dead
1342287872782,      340,       84,      88,      32
1342287874242,    44207,       84,    6962,    4036
1342287875675,    85547,       84,   12899,    7769
1342287877136,   123757,       84,   17895,   11291
1342287878729,   158697,       84,   22812,   14579
1342287880212,   194974,       84,   27927,   17863
1342287881722,   225978,       84,   31931,   20700
1342287883254,   253795,       84,   35743,   23149
1342287883454,   253795,       84,   35744,   23149
