time         ,iter.    ,bestScore,live    ,dead
1342287664029,        0,        0,       0,       0
1342287664298,    39028,       84,    6170,    3537
1342287664514,    54510,       84,    8650,    4862
1342287664759,   100682,       84,   14852,    9174
1342287666225,   146894,       84,   21135,   13501
1342287667647,   184041,       84,   26462,   16903
1342287669088,   215941,       84,   30729,   19785
1342287670715,   246264,       84,   34636,   22483
1342287672456,   276473,       84,   38840,   25283
1342287674031,   302674,       84,   42065,   27533
1342287674231,   302674,       84,   42065,   27533
