time         ,iter.    ,bestScore,live    ,dead
1342288636919,        0,        0,       1,      -1
1342288638516,    14735,      170,    4421,    1166
1342288640228,    30050,      170,    8251,    2296
1342288641856,    42432,      170,   11528,    3136
1342288643494,    53944,      170,   14381,    3927
1342288645125,    64585,      170,   16956,    4596
1342288646729,    75676,      170,   19503,    5408
1342288648344,    84704,      170,   21689,    6128
1342288648544,    84704,      170,   21689,    6128
