time         ,iter.    ,bestScore,live    ,dead
1342287883456,        0,        0,       1,      -1
1342287885051,    13893,      170,    4188,    1111
1342287886608,    28205,      170,    7809,    2136
1342287888167,    39813,      170,   10838,    2950
1342287889745,    50621,      170,   13626,    3715
1342287891323,    60796,      170,   15927,    4300
1342287892902,    71422,      170,   18496,    5126
1342287894479,    79591,      170,   20425,    5712
1342287894679,    79591,      170,   20425,    5712
