time         ,iter.    ,bestScore,live    ,dead
1342287674617,        0,        0,       1,      -1
1342287676346,    12772,      170,    3904,    1020
1342287678012,    24733,      170,    6848,    1903
1342287679577,    36908,      170,    9934,    2743
1342287681139,    46753,      170,   12661,    3471
1342287682702,    56215,      170,   14923,    4070
1342287684246,    64600,      170,   16961,    4598
1342287685790,    73818,      170,   19029,    5284
1342287685990,    73818,      170,   19030,    5284
