time         ,iter.    ,bestScore,live    ,dead
1342289057958,      588,      150,     265,      48
1342289058158,    27399,      170,    7560,    2064
1342289058358,    48736,      170,   13145,    3573
1342289058558,    68311,      170,   17798,    4900
1342289058792,    90703,      170,   23176,    6520
1342289058992,   119641,      170,   29592,    8510
1342289059197,   140230,      170,   34483,    9667
1342289059397,   158572,      173,   38718,   10726
1342289059656,   184109,      173,   44228,   12218
1342289059856,   211446,      173,   50250,   14109
1342289060058,   230959,      173,   54732,   15505
1342289061438,   247439,      173,   58125,   16576
1342289061638,   247439,      173,   58125,   16576
