time         ,iter.    ,bestScore,live    ,dead
1342288505555,        0,        0,       1,      -1
1342288507240,    14613,      170,    4375,    1157
1342288508809,    27017,      170,    7466,    2058
1342288510384,    38253,      170,   10372,    2830
1342288512000,    48569,      170,   13106,    3559
1342288513565,    58491,      170,   15464,    4147
1342288515143,    68548,      170,   17846,    4921
1342288516696,    76434,      170,   19688,    5453
1342288516896,    76434,      170,   19688,    5453
