time         ,iter.    ,bestScore,live    ,dead
1342288793674,        0,        0,       1,      -1
1342288793874,    27675,      170,    7650,    2087
1342288794074,    50109,      170,   13484,    3682
1342288794274,    68056,      170,   17749,    4878
1342288794492,    90766,      170,   23192,    6525
1342288794697,   119806,      170,   29627,    8514
1342288794898,   139955,      170,   34440,    9654
1342288795098,   158526,      173,   38708,   10723
1342288795355,   184004,      173,   44206,   12209
1342288795555,   211998,      173,   50370,   14150
1342288795755,   234510,      173,   55376,   15801
1342288797085,   247289,      173,   58092,   16565
1342288797285,   247289,      173,   58092,   16565
