time         ,iter.    ,bestScore,live    ,dead
1342288648549,        0,        0,       1,      -1
1342288650163,     3910,      316,    2038,     210
1342288651798,     7347,      358,    3615,     379
1342288653410,    11136,      358,    5248,     588
1342288655063,    14160,      358,    6614,     764
1342288656731,    16772,      358,    7763,     907
1342288658360,    19231,      358,    8720,    1076
1342288659976,    22073,      358,    9916,    1175
1342288660176,    22073,      358,    9916,    1175
