time         ,iter.    ,bestScore,live    ,dead
1342288797302,        0,        0,       1,      -1
1342288797502,    11949,      358,    5672,     633
1342288797702,    22286,      358,    9991,    1174
1342288797902,    31455,      365,   13505,    1603
1342288798102,    44936,      367,   18442,    2256
1342288798303,    53408,      367,   21635,    2686
1342288799849,    61281,      367,   24905,    3143
1342288800049,    74600,      367,   29895,    3887
1342288801535,    76102,      367,   30423,    4015
1342288801735,    76102,      367,   30424,    4015
