time         ,iter.    ,bestScore,live    ,dead
1342289061643,        0,        0,       1,      -1
1342289061843,    11765,      358,    5578,     621
1342289062135,    14591,      358,    6791,     791
1342289062335,    27458,      358,   12029,    1352
1342289062535,    36442,      367,   15255,    1916
1342289062747,    45687,      367,   18718,    2304
1342289062947,    58665,      367,   23843,    2982
1342289064435,    60154,      367,   24454,    3082
1342289064635,    73443,      367,   29526,    3814
1342289064835,    73931,      367,   29711,    3844
