time         ,iter.    ,bestScore,live    ,dead
1342288516909,      317,      228,     196,      12
1342288518508,     3515,      316,    1850,     189
1342288520226,     6657,      358,    3296,     348
1342288521820,    10040,      358,    4738,     531
1342288523502,    12681,      358,    5991,     686
1342288525065,    15082,      358,    7032,     808
1342288526764,    17308,      358,    7920,     944
1342288528463,    19832,      358,    8951,    1114
1342288528663,    19832,      358,    8952,    1114
