time         ,iter.    ,bestScore,live    ,dead
1342287894683,        7,       66,       7,      -1
1342287896295,     3655,      316,    1916,     197
1342287897905,     6914,      358,    3443,     361
1342287899497,    10476,      358,    4942,     554
1342287901083,    13253,      358,    6241,     715
1342287902666,    15691,      358,    7288,     839
1342287904262,    17971,      358,    8187,     993
1342287905868,    20677,      358,    9355,    1160
1342287906068,    20677,      358,    9356,    1160
