time         ,iter.    ,bestScore,live    ,dead
1342287686052,        0,        0,       1,      -1
1342287687595,     3372,      316,    1778,     180
1342287689139,     6382,      358,    3174,     336
1342287690704,     9071,      358,    4333,     475
1342287692260,    12154,      358,    5757,     646
1342287693803,    14522,      358,    6759,     788
1342287695354,    16529,      358,    7662,     889
1342287696910,    18448,      358,    8422,    1022
1342287697110,    18448,      358,    8422,    1022
