time         ,iter.    ,bestScore,live    ,dead
1342287697513,        0,        0,       0,       0
1342287699078,     2009,      302,     273,     137
1342287700614,     3538,      302,     432,     229
1342287702165,     5057,      302,     553,     359
1342287703720,     6508,      302,     673,     472
1342287705269,     8467,      302,     851,     611
1342287706811,     9813,      302,     945,     709
1342287708363,    11121,      302,    1070,     800
1342287708563,    11121,      302,    1070,     800
