time         ,iter.    ,bestScore,live    ,dead
1342287906071,        0,        0,       1,      -1
1342287907656,     1507,      302,     213,      99
1342287909234,     3152,      302,     386,     205
1342287910827,     4845,      302,     539,     343
1342287912420,     6996,      302,     732,     501
1342287913999,     8467,      302,     851,     611
1342287915579,     9922,      302,     959,     717
1342287917163,    11329,      302,    1077,     793
1342287917364,    11329,      302,    1077,     793
