time         ,iter.    ,bestScore,live    ,dead
1342288528666,        2,       21,       2,      -1
1342288530347,     1466,      302,     205,      98
1342288531969,     3006,      302,     376,     189
1342288533635,     4670,      302,     522,     328
1342288535253,     6713,      302,     699,     479
1342288536902,     8160,      302,     823,     586
1342288538511,     9541,      302,     931,     685
1342288540119,    10914,      302,    1050,     784
1342288540319,    10914,      302,    1051,     783
