time         ,iter.    ,bestScore,live    ,dead
1342288660180,        0,        0,       1,      -1
1342288661793,     1670,      302,     233,     112
1342288663421,     3459,      302,     428,     222
1342288665062,     5212,      302,     553,     370
1342288666692,     7509,      302,     769,     541
1342288668294,     9133,      302,     902,     661
1342288669904,    10689,      302,    1035,     765
1342288671885,    12229,      302,    1129,     827
1342288672085,    12229,      302,    1129,     827
