time         ,iter.    ,bestScore,live    ,dead
1342288672089,        0,        0,       0,       0
1342288673708,     3342,      267,     572,     279
1342288675330,     5609,      267,     805,     443
1342288676923,     7794,      267,    1047,     609
1342288678524,     9886,      267,    1364,     792
1342288680183,    13112,      267,    1664,    1056
1342288681816,    15071,      267,    1871,    1122
1342288683423,    16773,      267,    2047,    1255
1342288683623,    16773,      267,    2047,    1255
