time         ,iter.    ,bestScore,live    ,dead
1342287917367,        0,        0,       1,      -1
1342287918976,     3074,      267,     534,     262
1342287920580,     5225,      267,     764,     426
1342287922164,     7203,      267,     982,     599
1342287924123,     9074,      267,    1258,     700
1342287925723,    11953,      267,    1567,     989
1342287927309,    13881,      267,    1746,    1112
1342287928902,    15550,      267,    1939,    1163
1342287929102,    15550,      267,    1939,    1163
