time         ,iter.    ,bestScore,live    ,dead
1342288683627,        0,        0,       1,      -1
1342288685283,      189,       70,     128,       0
1342288686950,      457,      227,     295,       8
1342288688572,      564,      227,     320,      11
1342288690271,      728,      281,     415,      16
1342288691905,      889,      281,     466,      22
1342288693576,     1186,      281,     641,      32
1342288695224,     1321,      281,     751,      31
1342288695424,     1321,      281,     751,      31
