time         ,iter.    ,bestScore,live    ,dead
1342287929107,        0,        0,       1,      -1
1342287930706,      172,       70,     115,       0
1342287932305,      428,      192,     281,       5
1342287933895,      531,      227,     320,      10
1342287935483,      658,      265,     372,      14
1342287937072,      803,      281,     437,      19
1342287938674,     1073,      281,     556,      28
1342287940266,     1217,      281,     665,      33
1342287940466,     1217,      281,     666,      33
