time         ,iter.    ,bestScore,live    ,dead
1342287729845,        0,        0,       0,       0
1342287731498,      103,      200,      57,       2
1342287733268,      339,      201,     137,      11
1342287734816,      467,      240,     175,      14
1342287736384,      605,      270,     216,      20
1342287738014,      759,      316,     242,      28
1342287739643,     1012,      388,     352,      39
1342287741252,     1140,      388,     398,      45
1342287741452,     1140,      388,     399,      45
