time         ,iter.    ,bestScore,live    ,dead
1342288695428,        0,        0,       0,       0
1342288697090,      107,      200,      57,       2
1342288698808,      214,      200,      80,       6
1342288700462,      482,      240,     176,      15
1342288702065,      611,      270,     217,      20
1342288703751,      760,      316,     243,      28
1342288705364,      889,      388,     287,      34
1342288707078,     1170,      388,     418,      46
1342288707279,     1170,      388,     418,      46
