1342286640225,        0,       0,       0,       0
1342286640425,       45,      24,       0,       5
1342286640428,        0,       0,       0,       0
1342286640628,        8,       0,       0,       4
1342286640629,        0,       0,       0,       0
1342286640829,        8,       0,       0,       3
1342286640831,        0,       0,       0,       0
1342286641031,        8,       0,       0,       4
1342286641033,        0,       0,       0,       0
1342286641233,       64,     146,       0,       9
1342286641235,        0,       0,       1,      -1
1342286641435,        8,       0,       0,       3
1342286641438,        0,       0,       0,       0
1342286641638,       63,      71,       0,       9
1342286641640,        0,       0,       0,       0
1342286641840,       60,      72,       0,       8
1342286641846,       33,      73,       0,       7
1342286641849,        0,       0,       0,       0
1342286642050,        8,       0,       0,       4
1342286642056,        8,       0,       0,       4
1342286642067,        7,       0,       0,       4
1342286642074,        8,       0,       0,       3
1342286642084,       86,      71,       0,      14
1342286642085,        0,       0,       0,       0
1342286642286,        7,       0,       0,       3
1342286642287,        0,       0,       1,      -1
1342286642487,       35,      73,       0,       9
1342286642491,        0,       0,       1,      -1
1342286642691,       55,      70,       0,       7
1342286642697,        8,       0,       0,       2
1342286642702,        8,       0,       0,       4
1342286642708,        8,       0,       0,       4
1342286642710,        0,       0,       0,       0
1342286642910,        7,       0,       0,       2
1342286642916,        8,       0,       0,       4
1342286642919,        8,       0,       0,       4
1342286642921,        8,       0,       0,       4
1342286642930,        8,       0,       0,       4
1342286642935,        8,       0,       0,       4
1342286642942,       85,      71,       0,      14
1342286642945,        8,       0,       0,       3
1342286642953,        7,       0,       0,       3
1342286642955,        7,       0,       0,       2
1342286642957,        0,       0,       0,       0
1342286643158,        7,       0,       0,       2
1342286643160,        0,       0,       0,       0
1342286643360,        8,       0,       0,       4
1342286643363,        1,       0,       1,      -1
1342286643563,        8,       0,       0,       4
1342286643565,        0,       0,       0,       0
1342286643765,        8,       0,       0,       4
1342286643767,        0,       0,       0,       0
1342286643967,        8,       0,       0,       4
1342286643971,        7,       0,       0,       4
1342286643975,        0,       0,       1,      -1
1342286644175,        8,       0,       0,       3
1342286644183,        0,       0,       1,      -1
1342286644383,       55,      72,       0,      11
1342286644385,        0,       0,       0,      -1
1342286644585,        8,       0,       0,       4
1342286644587,        0,       0,       0,       0
1342286644787,        7,       0,       0,       1
1342286644789,        0,       0,       0,       0
1342286644989,        8,       0,       0,       4
1342286644995,        8,       0,       0,       4
1342286644997,        8,       0,       0,       2
1342286645002,        0,       0,       1,      -1
1342286645202,        8,       0,       0,       4
1342286645203,        0,       0,       0,       0
1342286645403,        8,       0,       0,       3
1342286645405,        0,       0,       1,      -1
1342286645606,       63,      71,       0,       9
1342286645609,        8,       0,       0,       4
1342286645611,        0,       0,       0,       0
1342286645812,        8,       0,       0,       4
1342286645822,        8,       0,       0,       3
1342286645834,        8,       0,       0,       2
1342286645835,        0,       0,       0,       0
1342286646035,        8,       0,       0,       4
1342286646038,        0,       0,       0,       0
1342286646238,        8,       0,       0,       3
1342286646240,        0,       0,       0,       0
1342286646440,       60,      72,       0,       8
1342286646441,        0,       0,       0,       0
1342286646641,       52,      24,       0,       6
1342286646643,        0,       0,       0,       0
1342286646843,        8,       0,       0,       4
1342286646845,        0,       0,       0,       0
1342286647045,        7,       0,       0,       2
1342286647047,        0,       0,       1,      -1
1342286647247,        8,       0,       0,       3
1342286647249,        0,       0,       0,       0
1342286647449,       55,      23,       0,       6
1342286647451,        1,       0,       1,      -1
1342286647652,        8,       0,       0,       4
1342286647653,        0,       0,       1,      -1
1342286647853,        8,       0,       0,       4
1342286647855,        4,       0,       1,       2
1342286648056,        7,       0,       0,       3
1342286648062,        0,       0,       1,      -1
1342286648263,        8,       0,       0,       3
1342286648265,        0,       0,       1,      -1
1342286648465,        8,       0,       0,       4
1342286648468,        8,       0,       0,       3
1342286648475,        8,       0,       0,       3
1342286648480,        8,       0,       0,       4
1342286648487,        7,       0,       0,       4
1342286648493,       23,      73,       0,       5
1342286648498,        8,       0,       0,       4
1342286648502,        8,       0,       0,       4
1342286648505,        0,       0,       1,      -1
1342286648705,        8,       0,       0,       3
1342286648712,       31,      73,       0,       7
1342286648729,        8,       0,       0,       4
1342286648743,       41,      73,       0,       9
1342286648747,        8,       0,       0,       4
1342286648752,        7,       0,       0,       1
1342286648755,        7,       0,       0,       1
1342286648757,        8,       0,       0,       4
1342286648766,        7,       0,       0,       1
1342286648770,        8,       0,       0,       4
1342286648773,        7,       0,       0,       1
1342286648776,        8,       0,       0,       2
1342286648782,        8,       0,       0,       3
1342286648795,        0,       0,       0,       0
1342286648995,       33,      73,       0,       7
1342286648998,        0,       0,       1,      -1
1342286649198,        7,       0,       0,       3
1342286649200,        0,       0,       0,       0
1342286649400,        8,       0,       0,       4
1342286649401,        0,       0,       0,       0
1342286649601,        8,       0,       0,       3
1342286649603,        0,       0,       0,       0
1342286649803,        8,       0,       0,       3
1342286649805,        0,       0,       0,       0
1342286650005,        7,       0,       0,       1
1342286650050,        0,       0,       0,       0
1342286650250,        8,       0,       0,       3
1342286650261,        8,       0,       0,       2
1342286650264,       28,      24,       4,       2
1342286650464,       72,      72,       0,      13
1342286650466,        0,       0,       1,      -1
1342286650667,        8,       0,       0,       2
1342286650669,        0,       0,       0,       0
1342286650869,        8,       0,       0,       3
1342286650871,        0,       0,       0,       0
1342286651071,        7,       0,       0,       1
1342286651072,        0,       0,       0,       0
1342286651272,        7,       0,       0,       3
1342286651274,        0,       0,       0,       0
1342286651475,        8,       0,       0,       2
1342286651476,        0,       0,       1,      -1
1342286651676,        8,       0,       0,       3
1342286651678,        0,       0,       0,       0
1342286651878,      133,     147,       0,      19
1342286651880,        0,       0,       1,      -1
1342286652080,        8,       0,       0,       4
